[37][1][5][4603.png][339]
[32][1][46][7160.png][271]
[5][1][48][4496.png][303]
[48][1][49][4480.png][282]
[7][1][53][4568.png][292]
[23][1][50][4475.png][310]
[3][1][56][4466.png][193]
[15][1][57][4498.png][204]
[40][1][52][4547.png][166]
[11][1][51][4472.png][222]
[19][1][54][4378.png][221]
[46][1][55][4489.png][300]
[4][1][58][4418.png][300]
[41][1][59][4415.png][329]
[47][1][47][4642.png][286]
[2][1][60][4576.png][308]
[1][1][64][4574.png][347]
[24][1][65][4589.png][289]
[34][1][62][4516.png][248]
[11][2][61][4479.png][177]
[10][1][63][4499.png][168]
[20][1][66][10982.png][257]
[29][1][72][4478.png][222]
[12][1][67][4429.png][275]
[3][2][74][4443.png][259]
[35][1][73][4449.png][258]
[24][2][68][4718.png][271]
[3][3][78][4462.png][265]
[5][2][75][2410.png][249]
[10][2][69][4540.png][236]
[14][1][70][4494.png][274]
[12][2][76][4493.png][303]
[19][2][81][4538.png][295]
[43][1][80][59528.png][278]
[23][2][71][4066.png][283]
[25][1][77][4599.png][327]
[10][3][79][4502.png][281]
[44][1][82][4461.png][282]
